1 0.3097997890625 0 0.276080084375 0.0692883890625 0.237091675 0.1011235953125 0.15489989531249998 0.23033707812499998 0.1527924125 0.2471910109375 0.1570073765625 0.27153558125 0.1770284515625 0.30898876406250003 0.25816649062499997 0.3689138578125 0.296101159375 0.37265917656249997 0.3498419390625 0.3333333328125 0.3983140140625 0.2790262171875 0.5226554265625001 0.20786516875 0.5500526875 0.142322096875 0.555321390625 0.10674157343749999 0.4773445734375 0 0.35616438281249996 0 0.3477344578125 0.0093632953125 0.342465753125 0 0.3097997890625 0
9 0.6322444671875 0.45318352031250003 0.6585879875 0.45692883906250004 0.6933614328125 0.4868913859375 0.7112750265625001 0.5093632953125 0.72075869375 0.556179775 0.7471022125 0.6123595500000001 0.7787144359375 0.6179775281250001 0.792413065625 0.5955056187500001 0.8008429921875001 0.5112359546875 0.7987355109375 0.46816479375000003 0.790305584375 0.44194756562500004 0.8029504734374999 0.4157303375 0.808219178125 0.38389513124999997 0.78925184375 0.346441946875 0.786090621875 0.325842696875 0.7744994734375 0.318352059375 0.763962065625 0.32771535625000003 0.7165437296875 0.2247191015625 0.661749209375 0.17228464375000002 0.6533192828125001 0.1554307109375 0.6269757640625 0.1554307109375 0.6227608015625 0.149812734375 0.5879873546875001 0.1760299625 0.5605900953125 0.17228464375000002 0.551106428125 0.17977528125 0.5374077984375 0.20973782812500003 0.5036880921875 0.22659176093750003 0.4783983140625 0.3445692890625 0.4783983140625 0.36142322031249996 0.48577450000000005 0.37640449375 0.4773445734375 0.4232209734375 0.4815595359375 0.43071161093750004 0.53213909375 0.3932584265625 0.5711275031249999 0.3951310859375 0.6059009484375 0.4250936328125 0.6174920968750001 0.44194756562500004 0.6185458374999999 0.45880149843750007 0.6322444671875 0.45318352031250003
6 0.4404636453125 0.5280898875 0.422550053125 0.5449438203125 0.4130663859375 0.565543071875 0.40990516406250005 0.5805243453125 0.4162276078125 0.614232209375 0.4330874609375 0.621722846875 0.44889357187499995 0.6179775281250001 0.5437302421875 0.55243445625 0.5605900953125 0.5280898875 0.5637513171874999 0.49250936406249995 0.5500526875 0.4606741578125 0.531085353125 0.46441947499999997 0.4404636453125 0.5280898875
6 0.39936775625 0.681647940625 0.3951527921875 0.6910112359375 0.3129610109375 0.7453183515624999 0.30347734531250004 0.765917603125 0.29504741874999996 0.758426965625 0.2918861953125 0.762172284375 0.2918861953125 0.794007490625 0.30347734531250004 0.8164794000000001 0.3129610109375 0.8220973781250001 0.34351949375 0.8220973781250001 0.3962065328125 0.797752809375 0.39936775625 0.7528089890625 0.40990516406250005 0.7116104875 0.425711275 0.6760299625 0.41833508906250005 0.6722846437500001 0.39936775625 0.681647940625
6 0.6322444671875 0.5636704124999999 0.6290832453124999 0.5767790265625 0.64067439375 0.6367041203125 0.6491043203125 0.6385767796875 0.6670179140625 0.5917603 0.6786090625 0.5411985015624999 0.6838777656249999 0.5131086140625001 0.681770284375 0.4887640453125 0.6733403578125 0.4831460671875 0.657534246875 0.49812734062499997 0.6322444671875 0.5636704124999999
6 0.7070600625 0.6853932578124999 0.7102212859375 0.6385767796875 0.6891464703125 0.6292134828125 0.6680716546875 0.6404494374999999 0.6491043203125 0.670411984375 0.6828240250000001 0.7471910109375 0.685985246875 0.730337078125 0.7070600625 0.6853932578124999
6 0.4994731296875 0.7546816484375001 0.4984193890625 0.7771535578125001 0.5047418328125 0.79588015 0.5216016859375 0.8033707859374999 0.55637513125 0.7883895125 0.5700737625000001 0.762172284375 0.5837723921875 0.762172284375 0.5679662796875 0.7228464421874999 0.528977871875 0.7434456921875 0.50790305625 0.7453183515624999 0.4994731296875 0.7546816484375001
6 0.6090621703125 0.790262171875 0.6090621703125 0.8146067421875 0.621707059375 0.8389513109375001 0.6396206531249999 0.8389513109375001 0.654373025 0.8089887640625 0.6090621703125 0.790262171875
5 0.4783983140625 0.6460674156249999 0.5237091671874999 0.653558053125 0.533192834375 0.670411984375 0.5405690203125 0.6722846437500001 0.55637513125 0.6385767796875 0.6027397265625 0.44194756562500004 0.593256059375 0.4250936328125 0.57218124375 0.406367040625 0.55426765 0.3970037453125 0.533192834375 0.3970037453125 0.5026343515625 0.41198501875 0.47945205468749996 0.438202246875 0.46786090625 0.477528090625 0.46891464687499995 0.49812734062499997 0.4741833515625 0.5 0.5374077984375 0.4606741578125 0.54794520625 0.45880149843750007 0.557428871875 0.46816479375000003 0.5658587984375 0.505617978125 0.5605900953125 0.529962546875 0.5437302421875 0.55243445625 0.451001053125 0.621722846875 0.4783983140625 0.6460674156249999
5 0.5626975765625 0.7790262171875 0.5468914640625 0.79962546875 0.528977871875 0.8033707859374999 0.5163329828125 0.8146067421875 0.5142255 0.8314606734375 0.528977871875 0.8370786515624999 0.5837723921875 0.8164794000000001 0.6016859859375 0.8014981265625 0.6069546890625 0.7865168546875 0.591148578125 0.769662921875 0.5785036875 0.7734082390625 0.5711275031249999 0.76404494375 0.5637513171874999 0.7677902624999999 0.5626975765625 0.7790262171875
5 0.53635405625 0.73595505625 0.5637513171874999 0.7209737828125 0.5637513171874999 0.7153558046875 0.5584826125 0.6966292140625 0.5216016859375 0.6629213484375 0.4741833515625 0.65168539375 0.4351949421875 0.670411984375 0.4151738671875 0.702247190625 0.40147523749999997 0.7453183515624999 0.39936775625 0.7846441953125 0.40779768125000004 0.8127340828125 0.4826132765625 0.818352059375 0.5100105375 0.8089887640625 0.511064278125 0.8014981265625 0.4984193890625 0.7827715359375 0.5026343515625 0.7471910109375 0.508956796875 0.741573034375 0.528977871875 0.7471910109375 0.53635405625 0.73595505625
5 0.466807165625 0.501872659375 0.4162276078125 0.49250936406249995 0.39726027343750003 0.5131086140625001 0.3983140140625 0.5449438203125 0.40779768125000004 0.5767790265625 0.4193888296875 0.5468164796874999 0.466807165625 0.501872659375
5 0.6701791359375 0.7209737828125 0.655426765625 0.6947565546875001 0.655426765625 0.6853932578124999 0.6448893578125 0.6722846437500001 0.6290832453124999 0.5711610484375 0.654373025 0.50374531875 0.6680716546875 0.4850187265625 0.68071654375 0.4831460671875 0.6838777656249999 0.49063670468750004 0.6870389890624999 0.5468164796874999 0.7112750265625001 0.5393258421875 0.7144362484375 0.5280898875 0.706006321875 0.5074906359375 0.66280295 0.46441947499999997 0.6480505796875 0.45692883906250004 0.6322444671875 0.45880149843750007 0.6111696515625 0.47565543125 0.5900948359375 0.505617978125 0.5711275031249999 0.5805243453125 0.57218124375 0.6048689140625 0.5616438359375 0.6329588015625001 0.5626975765625 0.6947565546875001 0.5858798734375 0.7565543078125 0.61643835625 0.790262171875 0.6743940984375 0.8108614234375 0.703898840625 0.8089887640625 0.701791359375 0.7921348312500001 0.679662803125 0.7509363296875 0.6701791359375 0.7209737828125
5 0.74288725 0.6985018734375 0.739726028125 0.6835206 0.74077976875 0.6310861421875 0.7334035828125 0.593632959375 0.7165437296875 0.554307115625 0.7070600625 0.5131086140625001 0.6891464703125 0.4887640453125 0.6828240250000001 0.4887640453125 0.6765015812499999 0.5468164796874999 0.65648050625 0.6273408234375 0.655426765625 0.653558053125 0.681770284375 0.6292134828125 0.7144362484375 0.6310861421875 0.726027396875 0.6460674156249999 0.719704953125 0.6610486890625 0.7175974703125 0.6928838953125 0.7123287671874999 0.705992509375 0.7186512125 0.7153558046875 0.7334035828125 0.7153558046875 0.74288725 0.6985018734375
5 0.591148578125 0.505617978125 0.57639620625 0.5636704124999999 0.57218124375 0.582397003125 0.575342465625 0.5955056187500001 0.6037934671875 0.55992509375 0.62065331875 0.556179775 0.6290832453124999 0.5674157296875 0.66280295 0.49063670468750004 0.681770284375 0.48127340781249994 0.6459430984375001 0.45692883906250004 0.62065331875 0.466292134375 0.591148578125 0.505617978125
5 0.1348788203125 0.5449438203125 0.1401475234375 0.5636704124999999 0.1390937828125 0.589887640625 0.14963119062500002 0.6123595500000001 0.1527924125 0.6348314609375 0.22023182343749997 0.7434456921875 0.27291886249999997 0.7471910109375 0.276080084375 0.762172284375 0.2834562703125 0.769662921875 0.2824025296875 0.7565543078125 0.3119072703125 0.7172284640625 0.33403582656249997 0.7116104875 0.34668071718750004 0.6853932578124999 0.357218125 0.681647940625 0.360379346875 0.6610486890625 0.35616438281249996 0.6348314609375 0.36354056875 0.61610486875 0.3761854578125 0.6086142328124999 0.40990516406250005 0.6123595500000001 0.4130663859375 0.6067415734375 0.3983140140625 0.558052434375 0.3951527921875 0.53183520625 0.386722865625 0.5187265921875001 0.3909378296875 0.501872659375 0.39936775625 0.49812734062499997 0.40779768125000004 0.47565543125 0.40358271874999996 0.44194756562500004 0.38145416249999997 0.4288389515625 0.38356164375 0.3745318359375 0.37934668125000004 0.3745318359375 0.340358271875 0.44194756562500004 0.3329820859375 0.5131086140625001 0.3129610109375 0.53183520625 0.3076923078125 0.5468164796874999 0.273972603125 0.561797753125 0.2634351953125 0.5786516859375 0.24341412031249998 0.5730337078125001 0.2128556375 0.533707865625 0.1928345625 0.5393258421875 0.1812434140625 0.561797753125 0.1759747109375 0.5393258421875 0.1759747109375 0.49250936406249995 0.18335089531249998 0.46441947499999997 0.2255005265625 0.4026217234375 0.211801896875 0.3745318359375 0.19072708124999999 0.352059925 0.17070600625000001 0.3108614234375 0.09483667031250001 0.350187265625 0.0927291890625 0.3689138578125 0.08324552187499999 0.378277153125 0.08219178125 0.4232209734375 0.0842992625 0.4288389515625 0.0990516328125 0.4269662921875 0.10326659687499999 0.4719101125 0.1338250796875 0.4625468171875 0.14646996875 0.477528090625 0.14646996875 0.49625468125000005 0.1369863015625 0.5131086140625001 0.1401475234375 0.5280898875 0.1348788203125 0.5449438203125
4 0.3013698625 0.5505617984375 0.33825079062499996 0.501872659375 0.33825079062499996 0.44756554375 0.3477344578125 0.43071161093750004 0.3066385671875 0.389513109375 0.2813487875 0.378277153125 0.25922023125 0.3801498125 0.208640675 0.4232209734375 0.1886196 0.45692883906250004 0.17808219218750002 0.49250936406249995 0.1770284515625 0.5393258421875 0.1812434140625 0.55992509375 0.1886196 0.55992509375 0.2012644890625 0.5374531828125 0.21601685937499998 0.5355805250000001 0.22233930468750002 0.5505617984375 0.2402528984375 0.5674157296875 0.2676501578125 0.5749063671875 0.278187565625 0.558052434375 0.3013698625 0.5505617984375
5 0.45837723906249994 0.6348314609375 0.3983140140625 0.6123595500000001 0.3772391984375 0.6123595500000001 0.3477344578125 0.6310861421875 0.33719705 0.6310861421875 0.33614330937500003 0.653558053125 0.348437303125 0.6554307109375 0.3540569015625 0.6760299625 0.33403582656249997 0.7116104875 0.30558482656249997 0.7209737828125 0.29083245468749996 0.737827715625 0.29083245468749996 0.7471910109375 0.302423603125 0.7471910109375 0.378292940625 0.6966292140625 0.385669125 0.6853932578124999 0.385669125 0.6647940078125 0.3962065328125 0.6554307109375 0.42887249687500006 0.6647940078125 0.446786090625 0.6610486890625 0.45837723906249994 0.65168539375 0.45837723906249994 0.6348314609375