1 0 0.6902002109375001 0.0692883890625 0.723919915625 0.1011235953125 0.7629083249999999 0.23033707812499998 0.8451001046875 0.2471910109375 0.8472075875 0.27153558125 0.8429926234374999 0.30898876406250003 0.8229715484375 0.3689138578125 0.7418335093749999 0.37265917656249997 0.703898840625 0.3333333328125 0.6501580609375 0.2790262171875 0.6016859859375 0.20786516875 0.4773445734375 0.142322096875 0.4499473125 0.10674157343749999 0.44467860937500003 0 0.5226554265625001 0 0.6438356171875 0.0093632953125 0.6522655421875 0 0.657534246875 0 0.6902002109375001
9 0.45318352031250003 0.3677555328125 0.45692883906250004 0.34141201250000003 0.4868913859375 0.3066385671875 0.5093632953125 0.28872497343750003 0.556179775 0.27924130625 0.6123595500000001 0.25289778749999997 0.6179775281250001 0.2212855640625 0.5955056187500001 0.207586934375 0.5112359546875 0.1991570078125 0.46816479375000003 0.2012644890625 0.44194756562500004 0.20969441562500002 0.4157303375 0.19704952656250002 0.38389513124999997 0.191780821875 0.346441946875 0.21074815624999998 0.325842696875 0.21390937812500002 0.318352059375 0.2255005265625 0.32771535625000003 0.236037934375 0.2247191015625 0.2834562703125 0.17228464375000002 0.33825079062499996 0.1554307109375 0.34668071718750004 0.1554307109375 0.3730242359375 0.149812734375 0.3772391984375 0.1760299625 0.4120126453125 0.17228464375000002 0.43940990468749996 0.17977528125 0.44889357187499995 0.20973782812500003 0.4625922015625 0.22659176093750003 0.49631190781249995 0.3445692890625 0.5216016859375 0.36142322031249996 0.5216016859375 0.37640449375 0.5142255 0.4232209734375 0.5226554265625001 0.43071161093750004 0.5184404640625 0.3932584265625 0.46786090625 0.3951310859375 0.42887249687500006 0.4250936328125 0.39409905156249997 0.44194756562500004 0.382507903125 0.45880149843750007 0.38145416249999997 0.45318352031250003 0.3677555328125
6 0.5280898875 0.5595363546875001 0.5449438203125 0.5774499468750001 0.565543071875 0.5869336140625 0.5805243453125 0.5900948359375 0.614232209375 0.5837723921875 0.621722846875 0.5669125390625 0.6179775281250001 0.551106428125 0.55243445625 0.4562697578125 0.5280898875 0.43940990468749996 0.49250936406249995 0.4362486828125 0.4606741578125 0.4499473125 0.46441947499999997 0.46891464687499995 0.5280898875 0.5595363546875001
6 0.681647940625 0.60063224375 0.6910112359375 0.6048472078125 0.7453183515624999 0.6870389890624999 0.765917603125 0.6965226546875 0.758426965625 0.7049525812499999 0.762172284375 0.7081138046875 0.794007490625 0.7081138046875 0.8164794000000001 0.6965226546875 0.8220973781250001 0.6870389890624999 0.8220973781250001 0.65648050625 0.797752809375 0.6037934671875 0.7528089890625 0.60063224375 0.7116104875 0.5900948359375 0.6760299625 0.5742887249999999 0.6722846437500001 0.5816649109375 0.681647940625 0.60063224375
6 0.5636704124999999 0.3677555328125 0.5767790265625 0.37091675468749996 0.6367041203125 0.35932560625 0.6385767796875 0.3508956796875 0.5917603 0.3329820859375 0.5411985015624999 0.32139093750000003 0.5131086140625001 0.316122234375 0.4887640453125 0.318229715625 0.4831460671875 0.3266596421875 0.49812734062499997 0.342465753125 0.5636704124999999 0.3677555328125
6 0.6853932578124999 0.2929399375 0.6385767796875 0.2897787140625 0.6292134828125 0.3108535296875 0.6404494374999999 0.33192834531250004 0.670411984375 0.3508956796875 0.7471910109375 0.317175975 0.730337078125 0.314014753125 0.6853932578124999 0.2929399375
6 0.7546816484375001 0.5005268703125 0.7771535578125001 0.5015806109375001 0.79588015 0.49525816718750004 0.8033707859374999 0.4783983140625 0.7883895125 0.44362486875 0.762172284375 0.4299262375 0.762172284375 0.4162276078125 0.7228464421874999 0.4320337203125 0.7434456921875 0.471022128125 0.7453183515624999 0.49209694375 0.7546816484375001 0.5005268703125
6 0.790262171875 0.3909378296875 0.8146067421875 0.3909378296875 0.8389513109375001 0.378292940625 0.8389513109375001 0.360379346875 0.8089887640625 0.345626975 0.790262171875 0.3909378296875
5 0.6460674156249999 0.5216016859375 0.653558053125 0.47629083281250006 0.670411984375 0.466807165625 0.6722846437500001 0.45943097968749996 0.6385767796875 0.44362486875 0.44194756562500004 0.39726027343750003 0.4250936328125 0.406743940625 0.406367040625 0.42781875625000004 0.3970037453125 0.44573235 0.3970037453125 0.466807165625 0.41198501875 0.4973656484375 0.438202246875 0.5205479453125 0.477528090625 0.53213909375 0.49812734062499997 0.531085353125 0.5 0.5258166484375 0.4606741578125 0.4625922015625 0.45880149843750007 0.45205479375 0.46816479375000003 0.442571128125 0.505617978125 0.4341412015625 0.529962546875 0.43940990468749996 0.55243445625 0.4562697578125 0.621722846875 0.5489989468750001 0.6460674156249999 0.5216016859375
5 0.7790262171875 0.43730242343750003 0.79962546875 0.4531085359375 0.8033707859374999 0.471022128125 0.8146067421875 0.48366701718750005 0.8314606734375 0.48577450000000005 0.8370786515624999 0.471022128125 0.8164794000000001 0.4162276078125 0.8014981265625 0.3983140140625 0.7865168546875 0.3930453109375 0.769662921875 0.408851421875 0.7734082390625 0.42149631249999997 0.76404494375 0.42887249687500006 0.7677902624999999 0.4362486828125 0.7790262171875 0.43730242343750003
5 0.73595505625 0.46364594375 0.7209737828125 0.4362486828125 0.7153558046875 0.4362486828125 0.6966292140625 0.44151738749999997 0.6629213484375 0.4783983140625 0.65168539375 0.5258166484375 0.670411984375 0.5648050578125 0.702247190625 0.5848261328125 0.7453183515624999 0.5985247625000001 0.7846441953125 0.60063224375 0.8127340828125 0.59220231875 0.818352059375 0.5173867234375 0.8089887640625 0.4899894625 0.8014981265625 0.488935721875 0.7827715359375 0.5015806109375001 0.7471910109375 0.4973656484375 0.741573034375 0.491043203125 0.7471910109375 0.471022128125 0.73595505625 0.46364594375
5 0.501872659375 0.533192834375 0.49250936406249995 0.5837723921875 0.5131086140625001 0.6027397265625 0.5449438203125 0.6016859859375 0.5767790265625 0.59220231875 0.5468164796874999 0.5806111703125 0.501872659375 0.533192834375
5 0.7209737828125 0.3298208640625 0.6947565546875001 0.344573234375 0.6853932578124999 0.344573234375 0.6722846437500001 0.3551106421875 0.5711610484375 0.37091675468749996 0.50374531875 0.345626975 0.4850187265625 0.33192834531250004 0.4831460671875 0.31928345625 0.49063670468750004 0.316122234375 0.5468164796874999 0.3129610109375 0.5393258421875 0.28872497343750003 0.5280898875 0.28556375156249997 0.5074906359375 0.293993678125 0.46441947499999997 0.33719705 0.45692883906250004 0.3519494203125 0.45880149843750007 0.3677555328125 0.47565543125 0.38883034843750003 0.505617978125 0.40990516406250005 0.5805243453125 0.42887249687500006 0.6048689140625 0.42781875625000004 0.6329588015625001 0.43835616406250005 0.6947565546875001 0.43730242343750003 0.7565543078125 0.41412012656249997 0.790262171875 0.38356164375 0.8108614234375 0.3256059015625 0.8089887640625 0.296101159375 0.7921348312500001 0.298208640625 0.7509363296875 0.320337196875 0.7209737828125 0.3298208640625
5 0.6985018734375 0.25711275 0.6835206 0.260273971875 0.6310861421875 0.25922023125 0.593632959375 0.2665964171875 0.554307115625 0.2834562703125 0.5131086140625001 0.2929399375 0.4887640453125 0.3108535296875 0.4887640453125 0.317175975 0.5468164796874999 0.32349841874999996 0.6273408234375 0.34351949375 0.653558053125 0.344573234375 0.6292134828125 0.318229715625 0.6310861421875 0.28556375156249997 0.6460674156249999 0.273972603125 0.6610486890625 0.280295046875 0.6928838953125 0.2824025296875 0.705992509375 0.2876712328125 0.7153558046875 0.2813487875 0.7153558046875 0.2665964171875 0.6985018734375 0.25711275
5 0.505617978125 0.408851421875 0.5636704124999999 0.42360379375 0.582397003125 0.42781875625000004 0.5955056187500001 0.424657534375 0.55992509375 0.3962065328125 0.556179775 0.37934668125000004 0.5674157296875 0.37091675468749996 0.49063670468750004 0.33719705 0.48127340781249994 0.318229715625 0.45692883906250004 0.3540569015625 0.466292134375 0.37934668125000004 0.505617978125 0.408851421875
5 0.5449438203125 0.8651211796875 0.5636704124999999 0.8598524765625 0.589887640625 0.8609062171874999 0.6123595500000001 0.850368809375 0.6348314609375 0.8472075875 0.7434456921875 0.7797681765625 0.7471910109375 0.7270811375 0.762172284375 0.723919915625 0.769662921875 0.7165437296875 0.7565543078125 0.7175974703125 0.7172284640625 0.6880927296875 0.7116104875 0.6659641734374999 0.6853932578124999 0.6533192828125001 0.681647940625 0.6427818750000001 0.6610486890625 0.6396206531249999 0.6348314609375 0.6438356171875 0.61610486875 0.63645943125 0.6086142328124999 0.6238145421875 0.6123595500000001 0.5900948359375 0.6067415734375 0.5869336140625 0.558052434375 0.6016859859375 0.53183520625 0.6048472078125 0.5187265921875001 0.613277134375 0.501872659375 0.6090621703125 0.49812734062499997 0.60063224375 0.47565543125 0.59220231875 0.44194756562500004 0.59641728125 0.4288389515625 0.6185458374999999 0.3745318359375 0.61643835625 0.3745318359375 0.62065331875 0.44194756562500004 0.659641728125 0.5131086140625001 0.6670179140625 0.53183520625 0.6870389890624999 0.5468164796874999 0.6923076921875 0.561797753125 0.726027396875 0.5786516859375 0.7365648046875 0.5730337078125001 0.7565858796875 0.533707865625 0.7871443625000001 0.5393258421875 0.8071654374999999 0.561797753125 0.8187565859375001 0.5393258421875 0.8240252890624999 0.49250936406249995 0.8240252890624999 0.46441947499999997 0.8166491046875001 0.4026217234375 0.7744994734375 0.3745318359375 0.7881981031249999 0.352059925 0.80927291875 0.3108614234375 0.82929399375 0.350187265625 0.9051633296875 0.3689138578125 0.9072708109375001 0.378277153125 0.9167544781249999 0.4232209734375 0.91780821875 0.4288389515625 0.9157007374999999 0.4269662921875 0.9009483671874999 0.4719101125 0.8967334031249999 0.4625468171875 0.8661749203125 0.477528090625 0.85353003125 0.49625468125000005 0.85353003125 0.5131086140625001 0.8630136984375 0.5280898875 0.8598524765625 0.5449438203125 0.8651211796875
4 0.5505617984375 0.6986301375 0.501872659375 0.661749209375 0.44756554375 0.661749209375 0.43071161093750004 0.6522655421875 0.389513109375 0.6933614328125 0.378277153125 0.7186512125 0.3801498125 0.74077976875 0.4232209734375 0.791359325 0.45692883906250004 0.8113804 0.49250936406249995 0.8219178078124999 0.5393258421875 0.8229715484375 0.55992509375 0.8187565859375001 0.55992509375 0.8113804 0.5374531828125 0.7987355109375 0.5355805250000001 0.783983140625 0.5505617984375 0.7776606953125 0.5674157296875 0.7597471015624999 0.5749063671875 0.7323498421875 0.558052434375 0.721812434375 0.5505617984375 0.6986301375
5 0.6348314609375 0.5416227609375001 0.6123595500000001 0.6016859859375 0.6123595500000001 0.6227608015625 0.6310861421875 0.6522655421875 0.6310861421875 0.66280295 0.653558053125 0.6638566906250001 0.6554307109375 0.651562696875 0.6760299625 0.6459430984375001 0.7116104875 0.6659641734374999 0.7209737828125 0.6944151734374999 0.737827715625 0.7091675453125 0.7471910109375 0.7091675453125 0.7471910109375 0.697576396875 0.6966292140625 0.621707059375 0.6853932578124999 0.614330875 0.6647940078125 0.614330875 0.6554307109375 0.6037934671875 0.6647940078125 0.5711275031249999 0.6610486890625 0.5532139093749999 0.65168539375 0.5416227609375001 0.6348314609375 0.5416227609375001