1 0.4916666671875 0.7981481484375 0.502777778125 0.8296296296874999 0.527777778125 0.8425925921875 0.5611111109375 0.8444444437499999 0.6166666671875001 0.8333333328125001 0.7333333328125 0.7796296296875 0.7666666671875 0.753703703125 0.8138888890624999 0.68148148125 0.8194444437499999 0.65 0.777777778125 0.5944444437499999 0.7583333328124999 0.5851851859375 0.7416666671875001 0.5833333328125 0.7166666671875 0.5944444437499999 0.6611111109375 0.603703703125 0.63055555625 0.6296296296875 0.622222221875 0.646296296875 0.58055555625 0.6703703703125 0.5638888890625 0.7 0.51944444375 0.7370370375 0.502777778125 0.759259259375 0.4916666671875 0.7981481484375
9 0.172222221875 0.6796296296875 0.1888888890625 0.6870370375 0.1833333328125 0.703703703125 0.1916666671875 0.7259259265625 0.2138888890625 0.75555555625 0.23333333281250002 0.76851851875 0.25 0.7703703703125 0.2666666671875 0.803703703125 0.2888888890625 0.8 0.31944444375000003 0.8129629625 0.33888888906250003 0.8129629625 0.3611111109375 0.8074074078125 0.425 0.809259259375 0.45 0.7981481484375 0.475 0.8018518515625 0.49444444374999996 0.7833333328125 0.5 0.7425925921875 0.5111111109375 0.7296296296875 0.547222221875 0.7111111109375 0.5666666671875 0.6888888890625 0.5694444437499999 0.6611111109375 0.547222221875 0.646296296875 0.5361111109375 0.6240740734375 0.497222221875 0.6111111109375 0.46944444374999994 0.6111111109375 0.447222221875 0.5944444437499999 0.4166666671875 0.5870370375 0.4138888890625 0.5629629625 0.397222221875 0.5574074078125 0.377777778125 0.5611111109375 0.36666666718749996 0.5518518515624999 0.32777777812500003 0.540740740625 0.3083333328125 0.5425925921875 0.272222221875 0.5740740734374999 0.21944444375 0.58148148125 0.1833333328125 0.5981481484375 0.1833333328125 0.609259259375 0.2 0.622222221875 0.19444444375 0.6370370375000001 0.172222221875 0.64444444375 0.16388888906250001 0.6574074078125001 0.172222221875 0.6796296296875
5 0.63055555625 0.5388888890625 0.6777777781250001 0.5555555562500001 0.66944444375 0.5314814812499999 0.7194444437499999 0.5148148140625 0.727777778125 0.5018518515625 0.73055555625 0.4703703703125 0.702777778125 0.45 0.672222221875 0.45185185156249996 0.6555555562500001 0.427777778125 0.6638888890625 0.44444444375 0.65 0.4481481484375 0.6333333328124999 0.4888888890625 0.6138888890625 0.5018518515625 0.6555555562500001 0.5240740734375 0.65 0.5314814812499999 0.63055555625 0.527777778125 0.63055555625 0.5388888890625
5 0.33055555625 0.46666666718750005 0.34722222187499996 0.47592592656250005 0.3611111109375 0.47222222187499996 0.3583333328125 0.4611111109375 0.372222221875 0.45555555625000005 0.36666666718749996 0.43148148124999997 0.38055555625 0.41851851875 0.375 0.41111111093749997 0.3333333328125 0.41111111093749997 0.322222221875 0.43333333281249997 0.275 0.47592592656250005 0.252777778125 0.5388888890625 0.3138888890625 0.5370370375 0.3111111109375 0.5166666671875 0.32777777812500003 0.4981481484375 0.3138888890625 0.49259259218749996 0.3138888890625 0.47592592656250005 0.33055555625 0.46666666718750005
5 0.525 0.6129629624999999 0.525 0.61851851875 0.6 0.6148148140624999 0.602777778125 0.603703703125 0.5888888890625 0.5944444437499999 0.6083333328125 0.5833333328125 0.5833333328125 0.5759259265625001 0.5888888890625 0.559259259375 0.577777778125 0.553703703125 0.577777778125 0.5388888890625 0.5666666671875 0.5425925921875 0.5611111109375 0.5370370375 0.5833333328125 0.5722222218749999 0.54444444375 0.5629629625 0.55 0.546296296875 0.522222221875 0.5722222218749999 0.5138888890625 0.5962962968750001 0.5333333328125 0.6018518515625 0.5416666671875 0.6166666671875001 0.525 0.6129629624999999
5 0.4361111109375 0.509259259375 0.447222221875 0.5074074078125 0.4388888890625 0.5 0.4181732578125 0.4982736984375 0.44444444375 0.5148148140625 0.4361111109375 0.509259259375
5 0.4173452078125 0.4977523328125 0.4388888890625 0.48518518593750004 0.427777778125 0.47407407343749997 0.40277777812500004 0.4703703703125 0.39444444375 0.48333333281249996 0.4173452078125 0.4977523328125
5 0.527777778125 0.5351851859375001 0.5138888890625 0.5370370375 0.497222221875 0.522222221875 0.4861111109375 0.5333333328125 0.5 0.5555555562500001 0.527777778125 0.5351851859375001
5 0.577777778125 0.4296296296875 0.5666666671875 0.41111111093749997 0.5666666671875 0.4166666671875 0.55 0.41851851875 0.5388888890625 0.4388888890625 0.577777778125 0.4296296296875
5 0.51944444375 0.44259259218749997 0.5138888890625 0.45185185156249996 0.46666666718750005 0.46296296249999996 0.48055555625 0.46666666718750005 0.5111111109375 0.45370370312499997 0.5138888890625 0.46296296249999996 0.527777778125 0.45370370312499997 0.5333333328125 0.44259259218749997 0.51944444375 0.44259259218749997
6 0.3583333328125 0.4611111109375 0.3611111109375 0.4703703703125 0.34722222187499996 0.47592592656250005 0.33888888906250003 0.46666666718750005 0.32777777812500003 0.46666666718750005 0.3138888890625 0.477777778125 0.3138888890625 0.490740740625 0.33055555625 0.49629629687500004 0.3138888890625 0.5129629625 0.3138888890625 0.5333333328125 0.3361111109375 0.54444444375 0.377777778125 0.5518518515624999 0.397222221875 0.5481481484375 0.4138888890625 0.5555555562500001 0.41944444374999995 0.5833333328125 0.42222222187499997 0.577777778125 0.43333333281249997 0.5870370375 0.4916666671875 0.5722222218749999 0.5111111109375 0.5925925921874999 0.525 0.56851851875 0.5361111109375 0.5740740734374999 0.55 0.5703703703125 0.5333333328125 0.5611111109375 0.5611111109375 0.5370370375 0.5833333328125 0.540740740625 0.577777778125 0.553703703125 0.5888888890625 0.553703703125 0.5916666671875 0.5796296296875 0.6083333328125 0.577777778125 0.6416666671875 0.590740740625 0.64444444375 0.5870370375 0.6583333328125 0.5981481484375 0.675 0.5981481484375 0.675 0.590740740625 0.6833333328125 0.5962962968750001 0.7111111109375 0.590740740625 0.70555555625 0.577777778125 0.6805555562500001 0.58148148125 0.6833333328125 0.5870370375 0.675 0.5888888890625 0.6666666671875 0.58148148125 0.6630952390625 0.5830687828125 0.652777778125 0.5796296296875 0.6666666671875 0.5648148140625 0.675 0.5740740734374999 0.6944444437499999 0.5722222218749999 0.627777778125 0.5370370375 0.6333333328124999 0.5240740734375 0.6388888890625 0.5240740734375 0.6388888890625 0.5166666671875 0.6138888890625 0.5 0.6333333328124999 0.4888888890625 0.6361111109375 0.46481481406249997 0.6583333328125 0.42592592656250006 0.6583333328125 0.409259259375 0.627777778125 0.38333333281250004 0.6 0.39444444375 0.5694444437499999 0.39444444375 0.5583333328125 0.38148148125 0.525 0.3759259265625 0.46944444374999994 0.4 0.425 0.403703703125 0.427777778125 0.409259259375 0.4138888890625 0.4074074078125 0.38333333281250004 0.4166666671875 0.36944444375 0.4296296296875 0.372222221875 0.45185185156249996 0.3583333328125 0.4611111109375