1 0.6296296296875 0.36944444375 0.646296296875 0.377777778125 0.6703703703125 0.41944444374999995 0.7 0.4361111109375 0.7370370375 0.48055555625 0.759259259375 0.497222221875 0.7981481484375 0.5083333328124999 0.8296296296874999 0.497222221875 0.8425925921875 0.47222222187499996 0.8444444437499999 0.4388888890625 0.8333333328125001 0.38333333281250004 0.7796296296875 0.2666666671875 0.753703703125 0.23333333281250002 0.68148148125 0.1861111109375 0.65 0.18055555625 0.5944444437499999 0.222222221875 0.5851851859375 0.2416666671875 0.5833333328125 0.25833333281250004 0.5944444437499999 0.2833333328125 0.603703703125 0.33888888906250003 0.6296296296875 0.36944444375
9 0.5981481484375 0.8166666671874999 0.609259259375 0.8166666671874999 0.622222221875 0.8 0.6370370375000001 0.8055555562500001 0.64444444375 0.827777778125 0.6574074078125001 0.8361111109375001 0.6796296296875 0.827777778125 0.6870370375 0.8111111109375001 0.703703703125 0.8166666671874999 0.7259259265625 0.8083333328125001 0.75555555625 0.7861111109375 0.76851851875 0.7666666671875 0.7703703703125 0.75 0.803703703125 0.7333333328125 0.8 0.7111111109375 0.8129629625 0.6805555562500001 0.8129629625 0.6611111109375 0.8074074078125 0.6388888890625 0.809259259375 0.575 0.7981481484375 0.55 0.8018518515625 0.525 0.7833333328125 0.50555555625 0.7425925921875 0.5 0.7296296296875 0.4888888890625 0.7111111109375 0.45277777812500003 0.6888888890625 0.43333333281249997 0.6611111109375 0.43055555625 0.646296296875 0.45277777812500003 0.6240740734375 0.46388888906250003 0.6111111109375 0.502777778125 0.6111111109375 0.5305555562500001 0.5944444437499999 0.5527777781250001 0.5870370375 0.5833333328125 0.5629629625 0.5861111109375 0.5574074078125 0.602777778125 0.5611111109375 0.622222221875 0.5518518515624999 0.6333333328124999 0.540740740625 0.672222221875 0.5425925921875 0.6916666671875 0.5740740734374999 0.727777778125 0.58148148125 0.7805555562500001 0.5981481484375 0.8166666671874999
5 0.4481481484375 0.35 0.4888888890625 0.36666666718749996 0.5018518515625 0.3861111109375 0.5240740734375 0.34444444375 0.5314814812499999 0.35 0.527777778125 0.36944444375 0.5388888890625 0.36944444375 0.5555555562500001 0.322222221875 0.5314814812499999 0.33055555625 0.5148148140625 0.28055555625 0.5018518515625 0.272222221875 0.4703703703125 0.26944444375 0.45 0.29722222187499997 0.45185185156249996 0.32777777812500003 0.427777778125 0.34444444375 0.44444444375 0.3361111109375 0.4481481484375 0.35
5 0.5388888890625 0.747222221875 0.5370370375 0.6861111109375 0.5166666671875 0.6888888890625 0.4981481484375 0.672222221875 0.49259259218749996 0.6861111109375 0.47592592656250005 0.6861111109375 0.46666666718750005 0.66944444375 0.47592592656250005 0.652777778125 0.47222222187499996 0.6388888890625 0.4611111109375 0.6416666671875 0.45555555625000005 0.627777778125 0.43148148124999997 0.6333333328124999 0.41851851875 0.61944444375 0.41111111093749997 0.625 0.41111111093749997 0.6666666671875 0.43333333281249997 0.6777777781250001 0.47592592656250005 0.725 0.5388888890625 0.747222221875
5 0.5629629625 0.45555555625000005 0.546296296875 0.45 0.5722222218749999 0.477777778125 0.5962962968750001 0.4861111109375 0.6018518515625 0.46666666718750005 0.6166666671875001 0.4583333328125 0.6129629624999999 0.475 0.61851851875 0.475 0.6148148140624999 0.4 0.603703703125 0.397222221875 0.5944444437499999 0.41111111093749997 0.5833333328125 0.3916666671875 0.5759259265625001 0.4166666671875 0.559259259375 0.41111111093749997 0.553703703125 0.42222222187499997 0.5388888890625 0.42222222187499997 0.5425925921875 0.43333333281249997 0.5370370375 0.4388888890625 0.5722222218749999 0.4166666671875 0.5629629625 0.45555555625000005
5 0.5148148140625 0.5555555562500001 0.509259259375 0.5638888890625 0.5074074078125 0.5527777781250001 0.5 0.5611111109375 0.4982736984375 0.5818267421875001 0.5148148140625 0.5555555562500001
5 0.48333333281249996 0.60555555625 0.4977523328125 0.5826547921875 0.48518518593750004 0.5611111109375 0.47407407343749997 0.5722222218749999 0.4703703703125 0.597222221875 0.48333333281249996 0.60555555625
5 0.5555555562500001 0.5 0.5351851859375001 0.47222222187499996 0.5370370375 0.4861111109375 0.522222221875 0.502777778125 0.5333333328125 0.5138888890625 0.5555555562500001 0.5
5 0.4388888890625 0.4611111109375 0.4296296296875 0.42222222187499997 0.41111111093749997 0.43333333281249997 0.4166666671875 0.43333333281249997 0.41851851875 0.45 0.4388888890625 0.4611111109375
5 0.46296296249999996 0.5333333328125 0.46666666718750005 0.51944444375 0.45370370312499997 0.4888888890625 0.46296296249999996 0.4861111109375 0.45370370312499997 0.47222222187499996 0.44259259218749997 0.46666666718750005 0.44259259218749997 0.48055555625 0.45185185156249996 0.4861111109375 0.46296296249999996 0.5333333328125
6 0.403703703125 0.575 0.409259259375 0.5722222218749999 0.4074074078125 0.5861111109375 0.4166666671875 0.6166666671875001 0.4296296296875 0.63055555625 0.45185185156249996 0.627777778125 0.4611111109375 0.6416666671875 0.4703703703125 0.6388888890625 0.47592592656250005 0.652777778125 0.46666666718750005 0.6611111109375 0.46666666718750005 0.672222221875 0.477777778125 0.6861111109375 0.490740740625 0.6861111109375 0.49629629687500004 0.66944444375 0.5129629625 0.6861111109375 0.5333333328125 0.6861111109375 0.54444444375 0.6638888890625 0.5518518515624999 0.622222221875 0.5481481484375 0.602777778125 0.5555555562500001 0.5861111109375 0.5833333328125 0.58055555625 0.577777778125 0.577777778125 0.5870370375 0.5666666671875 0.5722222218749999 0.5083333328124999 0.5925925921874999 0.4888888890625 0.56851851875 0.475 0.5740740734374999 0.46388888906250003 0.5703703703125 0.45 0.5611111109375 0.46666666718750005 0.5370370375 0.4388888890625 0.540740740625 0.4166666671875 0.553703703125 0.42222222187499997 0.553703703125 0.41111111093749997 0.5796296296875 0.40833333281249995 0.577777778125 0.3916666671875 0.590740740625 0.3583333328125 0.5870370375 0.35555555625 0.5981481484375 0.3416666671875 0.5981481484375 0.325 0.590740740625 0.325 0.5962962968750001 0.3166666671875 0.590740740625 0.2888888890625 0.577777778125 0.29444444375 0.58148148125 0.31944444375000003 0.5870370375 0.3166666671875 0.5888888890625 0.325 0.58148148125 0.3333333328125 0.5830687828125 0.3369047609375 0.5796296296875 0.34722222187499996 0.5648148140625 0.3333333328125 0.5740740734374999 0.325 0.5722222218749999 0.30555555624999997 0.5370370375 0.372222221875 0.5240740734375 0.36666666718749996 0.5240740734375 0.3611111109375 0.5166666671875 0.3611111109375 0.5 0.3861111109375 0.4888888890625 0.36666666718749996 0.46481481406249997 0.3638888890625 0.42592592656250006 0.3416666671875 0.409259259375 0.3416666671875 0.38333333281250004 0.372222221875 0.39444444375 0.4 0.39444444375 0.43055555625 0.38148148125 0.44166666718750003 0.3759259265625 0.475 0.4 0.5305555562500001 0.403703703125 0.575