9 0.4811594203125 0.6883408078125 0.49855072500000003 0.6883408078125 0.536231884375 0.6748878921875 0.539130434375 0.6636771296874999 0.5565217390625 0.661434978125 0.5507246375 0.650224215625 0.559420290625 0.6412556046875 0.57681159375 0.659192825 0.6202898546875 0.661434978125 0.6492753625 0.6860986546875 0.663768115625 0.6860986546875 0.739130434375 0.6524663671875001 0.77391304375 0.6121076234375 0.7855072468750001 0.58520179375 0.7855072468750001 0.5291479828125001 0.762318840625 0.522421525 0.6840579703125 0.4641255609375 0.6551687625 0.4708296703125 0.6492753625 0.5179372203125 0.6550724640625 0.5605381171875 0.6289855078125 0.587443946875 0.6173913046874999 0.587443946875 0.5913043484375 0.553811659375 0.5826086953125 0.479820628125 0.6 0.45739910312500004 0.5826086953125 0.36322869999999996 0.5913043484375 0.3452914796875 0.6318840578125 0.340807175 0.6231884062499999 0.3161434984375 0.5304347828125 0.3026905828125 0.489855071875 0.33183856562499997 0.4579710140625 0.3677130046875 0.388405796875 0.3856502234375 0.3507246375 0.4215246640625 0.313043478125 0.4394618828125 0.3072463765625 0.43273542656249997 0.298550725 0.446188340625 0.27536231875 0.4394618828125 0.24637681093750002 0.45515695 0.24637681093750002 0.479820628125 0.2695652171875 0.491031390625 0.2521739125 0.4955156953125 0.24637681093750002 0.4887892375 0.2289855078125 0.4955156953125 0.2173913046875 0.5313901343749999 0.2289855078125 0.5560538109375 0.263768115625 0.5807174890625 0.28115942031249996 0.6098654703124999 0.28115942031249996 0.627802690625 0.3072463765625 0.6457399109375 0.301449275 0.6748878921875 0.28985507187500004 0.6748878921875 0.28115942031249996 0.701793721875 0.27246376875 0.704035875 0.27536231875 0.7152466375000001 0.310144928125 0.72197309375 0.30434782656250003 0.7376681609375 0.28115942031249996 0.7331838562499999 0.28985507187500004 0.746636771875 0.30434782656250003 0.742152465625 0.32753623125 0.7062780265625 0.28985507187500004 0.690582959375 0.3072463765625 0.6704035875 0.32463768125 0.6883408078125 0.3304347828125 0.6726457406249999 0.388405796875 0.7197309421875 0.41739130468749996 0.7309417046875 0.4463768109375 0.7309417046875 0.46956521718750005 0.72197309375 0.46666666718750005 0.7085201796875 0.4811594203125 0.6883408078125
10 0.4289855078125 0.8318385656249999 0.4521739125 0.8408071749999999 0.4434782609375 0.8475336328124999 0.46376811562500003 0.8632287 0.4811594203125 0.8632287 0.510144928125 0.8789237671875 0.559420290625 0.827354259375 0.559420290625 0.81838565 0.5304347828125 0.7914798203125 0.47536231874999996 0.757847534375 0.434782609375 0.7757847531250001 0.41739130468749996 0.8139013453124999 0.4289855078125 0.8206278031249999 0.4289855078125 0.8318385656249999
10 0.7188405796875 0.9103139015625 0.788405796875 0.8251121078124999 0.7072463765625 0.7914798203125 0.6956521734375001 0.7937219734375 0.6202898546875 0.872197309375 0.6231884062499999 0.88116591875 0.6492753625 0.894618834375 0.6550724640625 0.9103139015625 0.6666666671875 0.9125560531250001 0.7188405796875 0.9103139015625
10 0.7913043484375 0.8228699546874999 0.8289855078125001 0.827354259375 0.8463768109375 0.81838565 0.8695652171875 0.7914798203125 0.8927536234375 0.742152465625 0.8927536234375 0.7197309421875 0.8202898546874999 0.6860986546875 0.788405796875 0.6950672640625 0.7304347828125 0.7802690578125 0.736231884375 0.8026905828125 0.7913043484375 0.8228699546874999
10 0.6057971015625 0.75560538125 0.67536231875 0.7623318390625 0.710144928125 0.7399103140625 0.6811594203125 0.6928251125 0.6463768109375 0.690582959375 0.6173913046874999 0.668161434375 0.5942028984375 0.668161434375 0.559420290625 0.701793721875 0.5449275359375 0.7286995515625 0.5449275359375 0.742152465625 0.6057971015625 0.75560538125
10 0.3072463765625 0.8475336328124999 0.339130434375 0.8385650218749999 0.3710144921875 0.7937219734375 0.3710144921875 0.7869955156249999 0.3188405796875 0.753363228125 0.28985507187500004 0.75560538125 0.263768115625 0.7802690578125 0.2666666671875 0.8094170406250001 0.2927536234375 0.843049328125 0.3072463765625 0.8475336328124999
10 0.41449275312499995 0.7802690578125 0.4550724640625 0.7623318390625 0.46086956562500003 0.7511210765625 0.4463768109375 0.7331838562499999 0.42028985468749996 0.7331838562499999 0.3507246375 0.704035875 0.3159420296875 0.7264573984375 0.3159420296875 0.7376681609375 0.37391304375 0.7847533624999999 0.41449275312499995 0.7802690578125
10 0.40869565156250004 0.8295964124999999 0.37971014531249997 0.843049328125 0.37681159375 0.86995515625 0.3942028984375 0.8744394625 0.4289855078125 0.8654708515625 0.4289855078125 0.849775784375 0.40869565156250004 0.8295964124999999
7 0.6086956515625 0.9080717484375 0.6 0.86995515625 0.5420289859375 0.8766816140625 0.5159420296875 0.8878923765625 0.5420289859375 0.9103139015625 0.539130434375 0.9192825109375 0.565217390625 0.934977578125 0.5884057968749999 0.934977578125 0.6086956515625 0.9080717484375
7 0.611594203125 0.8116591921874999 0.5826086953125 0.827354259375 0.611594203125 0.8520179375 0.6202898546875 0.8542600890625 0.6521739125 0.8318385656249999 0.637681159375 0.8094170406250001 0.611594203125 0.8116591921874999
7 0.4840579703125 0.69955156875 0.4782608703125 0.7376681609375 0.5072463765624999 0.7623318390625 0.52463768125 0.7623318390625 0.536231884375 0.7488789234375 0.5333333328125 0.6838565015625 0.4840579703125 0.69955156875
7 0.6811594203125 0.7937219734375 0.6782608703124999 0.7802690578125 0.6666666671875 0.77802690625 0.6724637687499999 0.7757847531250001 0.6173913046874999 0.764573990625 0.62608695625 0.7847533624999999 0.611594203125 0.8004484312500001 0.5884057968749999 0.8139013453124999 0.585507246875 0.798206278125 0.5826086953125 0.8094170406250001 0.5681159421875 0.8161434984374999 0.565217390625 0.843049328125 0.5913043484375 0.8452914796875 0.6057971015625 0.8565022421874999 0.5913043484375 0.8766816140625 0.5478260875000001 0.8766816140625 0.5333333328125 0.883408071875 0.5478260875000001 0.8968609859375001 0.5449275359375 0.9170403593750001 0.5710144921875 0.9237668156250001 0.5710144921875 0.9327354265625001 0.57681159375 0.9282511203125001 0.5826086953125 0.934977578125 0.59710145 0.9170403593750001 0.6057971015625 0.9192825109375 0.5942028984375 0.9080717484375 0.6231884062499999 0.9058295968750001 0.6289855078125 0.89237668125 0.6086956515625 0.86995515625 0.67536231875 0.8139013453124999 0.6811594203125 0.7937219734375
5 0.8608695656249999 0.6771300453125 0.898550725 0.72197309375 0.9188405796874999 0.7286995515625 0.9275362312500001 0.7130044843750001 0.889855071875 0.668161434375 0.9159420296875 0.6636771296874999 0.9304347828124999 0.650224215625 0.87536231875 0.60762331875 0.87536231875 0.5493273546874999 0.8840579703125 0.542600896875 0.87246376875 0.522421525 0.9072463765625001 0.5112107625 0.9072463765625001 0.542600896875 0.988405796875 0.5269058296875 0.9971014500000001 0.522421525 0.9971014500000001 0.508968609375 0.9710144921874999 0.497757846875 0.9971014500000001 0.4955156953125 0.9130434781250001 0.446188340625 0.9478260875 0.3856502234375 0.9478260875 0.36995515625 0.9217391296875 0.3475336328125 0.9449275359374999 0.3228699546875 0.9478260875 0.298206278125 0.9246376812499999 0.2847533625 0.9420289859375 0.2802690578125 0.9246376812499999 0.2690582953125 0.9333333328125001 0.26008968593750004 0.910144928125 0.213004484375 0.8695652171875 0.20852017968749997 0.8579710140625 0.1748878921875 0.8173913046875001 0.172645740625 0.8028985499999999 0.159192825 0.7507246375000001 0.150224215625 0.7420289859375 0.14349775781250002 0.7507246375000001 0.1233183859375 0.739130434375 0.1121076234375 0.6927536234375 0.1412556046875 0.6782608703124999 0.14349775781250002 0.6492753625 0.127802690625 0.6173913046874999 0.150224215625 0.5826086953125 0.11883408124999999 0.5565217390625 0.13228699531250002 0.5623188406249999 0.105381165625 0.5507246375 0.10313901406249999 0.5449275359375 0.11659192812500001 0.5565217390625 0.13677129999999998 0.5333333328125 0.1524663671875 0.5333333328125 0.16367712968749998 0.5478260875000001 0.1748878921875 0.46086956562500003 0.179372196875 0.4579710140625 0.20179372187500003 0.47246376874999996 0.2197309421875 0.4579710140625 0.24215246562499998 0.4840579703125 0.2511210765625 0.5072463765624999 0.23542600937499997 0.5420289859375 0.28923766875 0.57391304375 0.298206278125 0.5913043484375 0.3116591921875 0.6231884062499999 0.3116591921875 0.637681159375 0.320627803125 0.6318840578125 0.3587443953125 0.6173913046874999 0.349775784375 0.5913043484375 0.35650224218750004 0.6 0.41031390156249997 0.5884057968749999 0.4820627796875 0.5942028984375 0.5134529140625 0.5942028984375 0.47757847499999995 0.6086956515625 0.46636771250000003 0.60289855 0.42376681562499996 0.6463768109375 0.4304932734375 0.6550724640625 0.4394618828125 0.62608695625 0.4753363234375 0.637681159375 0.5313901343749999 0.5942028984375 0.5313901343749999 0.6173913046874999 0.582959640625 0.6405797093750001 0.576233184375 0.6405797093750001 0.5336322874999999 0.6927536234375 0.46860986562500007 0.701449275 0.47085201718749997 0.762318840625 0.5156950671875 0.79710145 0.5201793718750001 0.7942028984375 0.6008968609374999 0.7681159421875 0.63004484375 0.8318840578125 0.656950671875 0.8608695656249999 0.6771300453125