9 0.32735425937499996 0.3304347828125 0.2802690578125 0.388405796875 0.2690582953125 0.41739130468749996 0.2690582953125 0.4463768109375 0.27802690625 0.46956521718750005 0.2914798203125 0.46666666718750005 0.3116591921875 0.4811594203125 0.3116591921875 0.49855072500000003 0.3251121078125 0.536231884375 0.33632287031249997 0.539130434375 0.338565021875 0.5565217390625 0.349775784375 0.5507246375 0.3587443953125 0.559420290625 0.340807175 0.57681159375 0.338565021875 0.6202898546875 0.3139013453125 0.6492753625 0.3139013453125 0.663768115625 0.3475336328125 0.739130434375 0.38789237656250003 0.77391304375 0.41479820624999997 0.7855072468750001 0.47085201718749997 0.7855072468750001 0.47757847499999995 0.762318840625 0.5358744390625 0.6840579703125 0.5291703296875 0.6551687625 0.4820627796875 0.6492753625 0.4394618828125 0.6550724640625 0.412556053125 0.6289855078125 0.412556053125 0.6173913046874999 0.446188340625 0.5913043484375 0.5201793718750001 0.5826086953125 0.542600896875 0.6 0.6367713 0.5826086953125 0.6547085203125 0.5913043484375 0.659192825 0.6318840578125 0.6838565015625 0.6231884062499999 0.6973094171875001 0.5304347828125 0.668161434375 0.489855071875 0.6322869953125 0.4579710140625 0.6143497765625 0.388405796875 0.5784753359375 0.3507246375 0.5605381171875 0.313043478125 0.5672645734375 0.3072463765625 0.553811659375 0.298550725 0.5605381171875 0.27536231875 0.54484305 0.24637681093750002 0.5201793718750001 0.24637681093750002 0.508968609375 0.2695652171875 0.5044843046875 0.2521739125 0.5112107625 0.24637681093750002 0.5044843046875 0.2289855078125 0.46860986562500007 0.2173913046875 0.4439461890625 0.2289855078125 0.41928251093749996 0.263768115625 0.3901345296875 0.28115942031249996 0.372197309375 0.28115942031249996 0.3542600890625 0.3072463765625 0.3251121078125 0.301449275 0.3251121078125 0.28985507187500004 0.298206278125 0.28115942031249996 0.29596412499999997 0.27246376875 0.2847533625 0.27536231875 0.27802690625 0.310144928125 0.2623318390625 0.30434782656250003 0.26681614374999996 0.28115942031249996 0.253363228125 0.28985507187500004 0.257847534375 0.30434782656250003 0.2937219734375 0.32753623125 0.309417040625 0.28985507187500004 0.3295964125 0.3072463765625 0.3116591921875 0.32463768125 0.32735425937499996 0.3304347828125
10 0.18161434999999998 0.559420290625 0.20852017968749997 0.5304347828125 0.24215246562499998 0.47536231874999996 0.224215246875 0.434782609375 0.1860986546875 0.41739130468749996 0.179372196875 0.4289855078125 0.168161434375 0.4289855078125 0.159192825 0.4521739125 0.1524663671875 0.4434782609375 0.13677129999999998 0.46376811562500003 0.13677129999999998 0.4811594203125 0.12107623281249999 0.510144928125 0.172645740625 0.559420290625 0.18161434999999998 0.559420290625
10 0.2062780265625 0.6956521734375001 0.127802690625 0.6202898546875 0.11883408124999999 0.6231884062499999 0.105381165625 0.6492753625 0.0896860984375 0.6550724640625 0.087443946875 0.6666666671875 0.0896860984375 0.7188405796875 0.1748878921875 0.788405796875 0.20852017968749997 0.7072463765625 0.2062780265625 0.6956521734375001
10 0.257847534375 0.8927536234375 0.2802690578125 0.8927536234375 0.3139013453125 0.8202898546874999 0.3049327359375 0.788405796875 0.2197309421875 0.7304347828125 0.1973094171875 0.736231884375 0.1771300453125 0.7913043484375 0.172645740625 0.8289855078125001 0.18161434999999998 0.8463768109375 0.20852017968749997 0.8695652171875 0.257847534375 0.8927536234375
10 0.309417040625 0.6463768109375 0.33183856562499997 0.6173913046874999 0.33183856562499997 0.5942028984375 0.298206278125 0.559420290625 0.2713004484375 0.5449275359375 0.257847534375 0.5449275359375 0.24439461875 0.6057971015625 0.23766816093749998 0.67536231875 0.26008968593750004 0.710144928125 0.3071748875 0.6811594203125 0.309417040625 0.6463768109375
10 0.213004484375 0.3710144921875 0.246636771875 0.3188405796875 0.24439461875 0.28985507187500004 0.2197309421875 0.263768115625 0.190582959375 0.2666666671875 0.156950671875 0.2927536234375 0.1524663671875 0.3072463765625 0.16143497812500002 0.339130434375 0.2062780265625 0.3710144921875 0.213004484375 0.3710144921875
10 0.26681614374999996 0.4463768109375 0.26681614374999996 0.42028985468749996 0.29596412499999997 0.3507246375 0.2735426015625 0.3159420296875 0.2623318390625 0.3159420296875 0.2152466375 0.37391304375 0.2197309421875 0.41449275312499995 0.23766816093749998 0.4550724640625 0.2488789234375 0.46086956562500003 0.26681614374999996 0.4463768109375
10 0.1704035875 0.40869565156250004 0.156950671875 0.37971014531249997 0.13004484375 0.37681159375 0.1255605375 0.3942028984375 0.1345291484375 0.4289855078125 0.150224215625 0.4289855078125 0.1704035875 0.40869565156250004
7 0.1233183859375 0.5420289859375 0.1121076234375 0.5159420296875 0.0896860984375 0.5420289859375 0.08071748906250001 0.539130434375 0.065022421875 0.565217390625 0.065022421875 0.5884057968749999 0.0919282515625 0.6086956515625 0.13004484375 0.6 0.1233183859375 0.5420289859375
7 0.1883408078125 0.611594203125 0.172645740625 0.5826086953125 0.14798206249999998 0.611594203125 0.1457399109375 0.6202898546875 0.168161434375 0.6521739125 0.190582959375 0.637681159375 0.1883408078125 0.611594203125
7 0.30044843125 0.4840579703125 0.2623318390625 0.4782608703125 0.23766816093749998 0.5072463765624999 0.23766816093749998 0.52463768125 0.2511210765625 0.536231884375 0.3161434984375 0.5333333328125 0.30044843125 0.4840579703125
7 0.08071748906250001 0.6057971015625 0.0919282515625 0.5942028984375 0.094170403125 0.6231884062499999 0.10762331875 0.6289855078125 0.13004484375 0.6086956515625 0.1860986546875 0.67536231875 0.2062780265625 0.6811594203125 0.2197309421875 0.6782608703124999 0.22197309375000002 0.6666666671875 0.224215246875 0.6724637687499999 0.23542600937499997 0.6173913046874999 0.2152466375 0.62608695625 0.19955156875 0.611594203125 0.1860986546875 0.5884057968749999 0.20179372187500003 0.585507246875 0.190582959375 0.5826086953125 0.1838565015625 0.5681159421875 0.156950671875 0.565217390625 0.1547085203125 0.5913043484375 0.14349775781250002 0.6057971015625 0.1233183859375 0.5913043484375 0.1233183859375 0.5478260875000001 0.11659192812500001 0.5333333328125 0.10313901406249999 0.5478260875000001 0.082959640625 0.5449275359375 0.076233184375 0.5710144921875 0.0672645734375 0.5710144921875 0.0717488796875 0.57681159375 0.065022421875 0.5826086953125 0.082959640625 0.59710145 0.08071748906250001 0.6057971015625
5 0.5291479828125001 0.701449275 0.4843049328125 0.762318840625 0.479820628125 0.79710145 0.3991031390625 0.7942028984375 0.36995515625 0.7681159421875 0.343049328125 0.8318840578125 0.3228699546875 0.8608695656249999 0.27802690625 0.898550725 0.2713004484375 0.9188405796874999 0.28699551562500003 0.9275362312500001 0.33183856562499997 0.889855071875 0.33632287031249997 0.9159420296875 0.349775784375 0.9304347828124999 0.39237668124999997 0.87536231875 0.4506726453125 0.87536231875 0.45739910312500004 0.8840579703125 0.47757847499999995 0.87246376875 0.4887892375 0.9072463765625001 0.45739910312500004 0.9072463765625001 0.47309417031249995 0.988405796875 0.47757847499999995 0.9971014500000001 0.491031390625 0.9971014500000001 0.502242153125 0.9710144921874999 0.5044843046875 0.9971014500000001 0.553811659375 0.9130434781250001 0.6143497765625 0.9478260875 0.63004484375 0.9478260875 0.6524663671875001 0.9217391296875 0.6771300453125 0.9449275359374999 0.701793721875 0.9478260875 0.7152466375000001 0.9246376812499999 0.7197309421875 0.9420289859375 0.7309417046875 0.9246376812499999 0.7399103140625 0.9333333328125001 0.7869955156249999 0.910144928125 0.7914798203125 0.8695652171875 0.8251121078124999 0.8579710140625 0.827354259375 0.8173913046875001 0.8408071749999999 0.8028985499999999 0.849775784375 0.7507246375000001 0.8565022421874999 0.7420289859375 0.8766816140625 0.7507246375000001 0.8878923765625 0.739130434375 0.8587443953125 0.6927536234375 0.8565022421874999 0.6782608703124999 0.872197309375 0.6492753625 0.849775784375 0.6173913046874999 0.88116591875 0.5826086953125 0.8677130046875 0.5565217390625 0.894618834375 0.5623188406249999 0.8968609859375001 0.5507246375 0.883408071875 0.5449275359375 0.8632287 0.5565217390625 0.8475336328124999 0.5333333328125 0.8363228703125 0.5333333328125 0.8251121078124999 0.5478260875000001 0.8206278031249999 0.46086956562500003 0.798206278125 0.4579710140625 0.7802690578125 0.47246376874999996 0.757847534375 0.4579710140625 0.7488789234375 0.4840579703125 0.764573990625 0.5072463765624999 0.71076233125 0.5420289859375 0.701793721875 0.57391304375 0.6883408078125 0.5913043484375 0.6883408078125 0.6231884062499999 0.679372196875 0.637681159375 0.6412556046875 0.6318840578125 0.650224215625 0.6173913046874999 0.6434977578125001 0.5913043484375 0.5896860984375001 0.6 0.5179372203125 0.5884057968749999 0.48654708593749996 0.5942028984375 0.522421525 0.5942028984375 0.5336322874999999 0.6086956515625 0.576233184375 0.60289855 0.5695067265625 0.6463768109375 0.5605381171875 0.6550724640625 0.5246636765625 0.62608695625 0.46860986562500007 0.637681159375 0.46860986562500007 0.5942028984375 0.41704035937499995 0.6173913046874999 0.42376681562499996 0.6405797093750001 0.46636771250000003 0.6405797093750001 0.5313901343749999 0.6927536234375 0.5291479828125001 0.701449275