9 0.5188405796875 0.3116591921875 0.5014492749999999 0.3116591921875 0.46376811562500003 0.3251121078125 0.46086956562500003 0.33632287031249997 0.4434782609375 0.338565021875 0.4492753625 0.349775784375 0.440579709375 0.3587443953125 0.42318840625 0.340807175 0.37971014531249997 0.338565021875 0.3507246375 0.3139013453125 0.33623188437499996 0.3139013453125 0.260869565625 0.3475336328125 0.22608695625 0.38789237656250003 0.214492753125 0.41479820624999997 0.214492753125 0.47085201718749997 0.23768115937499998 0.47757847499999995 0.3159420296875 0.5358744390625 0.3448312375 0.5291703296875 0.3507246375 0.4820627796875 0.34492753593750003 0.4394618828125 0.3710144921875 0.412556053125 0.38260869531249997 0.412556053125 0.40869565156250004 0.446188340625 0.41739130468749996 0.5201793718750001 0.4 0.542600896875 0.41739130468749996 0.6367713 0.40869565156250004 0.6547085203125 0.3681159421875 0.659192825 0.37681159375 0.6838565015625 0.46956521718750005 0.6973094171875001 0.510144928125 0.668161434375 0.5420289859375 0.6322869953125 0.611594203125 0.6143497765625 0.6492753625 0.5784753359375 0.686956521875 0.5605381171875 0.6927536234375 0.5672645734375 0.701449275 0.553811659375 0.72463768125 0.5605381171875 0.7536231890625 0.54484305 0.7536231890625 0.5201793718750001 0.7304347828125 0.508968609375 0.7478260875 0.5044843046875 0.7536231890625 0.5112107625 0.7710144921875 0.5044843046875 0.7826086953125 0.46860986562500007 0.7710144921875 0.4439461890625 0.736231884375 0.41928251093749996 0.7188405796875 0.3901345296875 0.7188405796875 0.372197309375 0.6927536234375 0.3542600890625 0.698550725 0.3251121078125 0.710144928125 0.3251121078125 0.7188405796875 0.298206278125 0.72753623125 0.29596412499999997 0.72463768125 0.2847533625 0.6898550718750001 0.27802690625 0.6956521734375001 0.2623318390625 0.7188405796875 0.26681614374999996 0.710144928125 0.253363228125 0.6956521734375001 0.257847534375 0.6724637687499999 0.2937219734375 0.710144928125 0.309417040625 0.6927536234375 0.3295964125 0.67536231875 0.3116591921875 0.6695652171875001 0.32735425937499996 0.611594203125 0.2802690578125 0.5826086953125 0.2690582953125 0.5536231890625001 0.2690582953125 0.5304347828125 0.27802690625 0.5333333328125 0.2914798203125 0.5188405796875 0.3116591921875
10 0.5710144921875 0.168161434375 0.5478260875000001 0.159192825 0.5565217390625 0.1524663671875 0.536231884375 0.13677129999999998 0.5188405796875 0.13677129999999998 0.489855071875 0.12107623281249999 0.440579709375 0.172645740625 0.440579709375 0.18161434999999998 0.46956521718750005 0.20852017968749997 0.52463768125 0.24215246562499998 0.565217390625 0.224215246875 0.5826086953125 0.1860986546875 0.5710144921875 0.179372196875 0.5710144921875 0.168161434375
10 0.28115942031249996 0.0896860984375 0.211594203125 0.1748878921875 0.2927536234375 0.20852017968749997 0.30434782656250003 0.2062780265625 0.37971014531249997 0.127802690625 0.37681159375 0.11883408124999999 0.3507246375 0.105381165625 0.34492753593750003 0.0896860984375 0.3333333328125 0.087443946875 0.28115942031249996 0.0896860984375
10 0.20869565156249997 0.1771300453125 0.1710144921875 0.172645740625 0.1536231890625 0.18161434999999998 0.1304347828125 0.20852017968749997 0.1072463765625 0.257847534375 0.1072463765625 0.2802690578125 0.1797101453125 0.3139013453125 0.211594203125 0.3049327359375 0.2695652171875 0.2197309421875 0.263768115625 0.1973094171875 0.20869565156249997 0.1771300453125
10 0.3942028984375 0.24439461875 0.32463768125 0.23766816093749998 0.28985507187500004 0.26008968593750004 0.3188405796875 0.3071748875 0.3536231890625 0.309417040625 0.38260869531249997 0.33183856562499997 0.40579710156250004 0.33183856562499997 0.440579709375 0.298206278125 0.4550724640625 0.2713004484375 0.4550724640625 0.257847534375 0.3942028984375 0.24439461875
10 0.6927536234375 0.1524663671875 0.660869565625 0.16143497812500002 0.6289855078125 0.2062780265625 0.6289855078125 0.213004484375 0.6811594203125 0.246636771875 0.710144928125 0.24439461875 0.736231884375 0.2197309421875 0.7333333328125 0.190582959375 0.7072463765625 0.156950671875 0.6927536234375 0.1524663671875
10 0.585507246875 0.2197309421875 0.5449275359375 0.23766816093749998 0.539130434375 0.2488789234375 0.5536231890625001 0.26681614374999996 0.5797101453125 0.26681614374999996 0.6492753625 0.29596412499999997 0.6840579703125 0.2735426015625 0.6840579703125 0.2623318390625 0.62608695625 0.2152466375 0.585507246875 0.2197309421875
10 0.5913043484375 0.1704035875 0.6202898546875 0.156950671875 0.6231884062499999 0.13004484375 0.6057971015625 0.1255605375 0.5710144921875 0.1345291484375 0.5710144921875 0.150224215625 0.5913043484375 0.1704035875
7 0.3913043484375 0.0919282515625 0.4 0.13004484375 0.4579710140625 0.1233183859375 0.4840579703125 0.1121076234375 0.4579710140625 0.0896860984375 0.46086956562500003 0.08071748906250001 0.434782609375 0.065022421875 0.41159420312500006 0.065022421875 0.3913043484375 0.0919282515625
7 0.388405796875 0.1883408078125 0.41739130468749996 0.172645740625 0.388405796875 0.14798206249999998 0.37971014531249997 0.1457399109375 0.3478260875 0.168161434375 0.362318840625 0.190582959375 0.388405796875 0.1883408078125
7 0.5159420296875 0.30044843125 0.5217391296875 0.2623318390625 0.4927536234375 0.23766816093749998 0.47536231874999996 0.23766816093749998 0.46376811562500003 0.2511210765625 0.46666666718750005 0.3161434984375 0.5159420296875 0.30044843125
7 0.3188405796875 0.2062780265625 0.32173912968749996 0.2197309421875 0.3333333328125 0.22197309375000002 0.32753623125 0.224215246875 0.38260869531249997 0.23542600937499997 0.37391304375 0.2152466375 0.388405796875 0.19955156875 0.41159420312500006 0.1860986546875 0.41449275312499995 0.20179372187500003 0.41739130468749996 0.190582959375 0.4318840578125 0.1838565015625 0.434782609375 0.156950671875 0.40869565156250004 0.1547085203125 0.3942028984375 0.14349775781250002 0.40869565156250004 0.1233183859375 0.4521739125 0.1233183859375 0.46666666718750005 0.11659192812500001 0.4521739125 0.10313901406249999 0.4550724640625 0.082959640625 0.4289855078125 0.076233184375 0.4289855078125 0.0672645734375 0.42318840625 0.0717488796875 0.41739130468749996 0.065022421875 0.40289855 0.082959640625 0.3942028984375 0.08071748906250001 0.40579710156250004 0.0919282515625 0.37681159375 0.094170403125 0.3710144921875 0.10762331875 0.3913043484375 0.13004484375 0.32463768125 0.1860986546875 0.3188405796875 0.2062780265625
5 0.139130434375 0.3228699546875 0.101449275 0.27802690625 0.0811594203125 0.2713004484375 0.07246376875 0.28699551562500003 0.11014492812500001 0.33183856562499997 0.0840579703125 0.33632287031249997 0.0695652171875 0.349775784375 0.12463768125000001 0.39237668124999997 0.12463768125000001 0.4506726453125 0.1159420296875 0.45739910312500004 0.12753623125 0.47757847499999995 0.0927536234375 0.4887892375 0.0927536234375 0.45739910312500004 0.011594203124999999 0.47309417031249995 0.00289855 0.47757847499999995 0.00289855 0.491031390625 0.0289855078125 0.502242153125 0.00289855 0.5044843046875 0.086956521875 0.553811659375 0.052173912499999996 0.6143497765625 0.052173912499999996 0.63004484375 0.0782608703125 0.6524663671875001 0.05507246406250001 0.6771300453125 0.052173912499999996 0.701793721875 0.07536231875 0.7152466375000001 0.057971014062500006 0.7197309421875 0.07536231875 0.7309417046875 0.0666666671875 0.7399103140625 0.089855071875 0.7869955156249999 0.1304347828125 0.7914798203125 0.1420289859375 0.8251121078124999 0.18260869531249999 0.827354259375 0.19710144999999998 0.8408071749999999 0.24927536250000001 0.849775784375 0.2579710140625 0.8565022421874999 0.24927536250000001 0.8766816140625 0.260869565625 0.8878923765625 0.3072463765625 0.8587443953125 0.32173912968749996 0.8565022421874999 0.3507246375 0.872197309375 0.38260869531249997 0.849775784375 0.41739130468749996 0.88116591875 0.4434782609375 0.8677130046875 0.437681159375 0.894618834375 0.4492753625 0.8968609859375001 0.4550724640625 0.883408071875 0.4434782609375 0.8632287 0.46666666718750005 0.8475336328124999 0.46666666718750005 0.8363228703125 0.4521739125 0.8251121078124999 0.539130434375 0.8206278031249999 0.5420289859375 0.798206278125 0.52753623125 0.7802690578125 0.5420289859375 0.757847534375 0.5159420296875 0.7488789234375 0.4927536234375 0.764573990625 0.4579710140625 0.71076233125 0.42608695625 0.701793721875 0.40869565156250004 0.6883408078125 0.37681159375 0.6883408078125 0.362318840625 0.679372196875 0.3681159421875 0.6412556046875 0.38260869531249997 0.650224215625 0.40869565156250004 0.6434977578125001 0.4 0.5896860984375001 0.41159420312500006 0.5179372203125 0.40579710156250004 0.48654708593749996 0.40579710156250004 0.522421525 0.3913043484375 0.5336322874999999 0.39710144999999997 0.576233184375 0.3536231890625 0.5695067265625 0.34492753593750003 0.5605381171875 0.37391304375 0.5246636765625 0.362318840625 0.46860986562500007 0.40579710156250004 0.46860986562500007 0.38260869531249997 0.41704035937499995 0.359420290625 0.42376681562499996 0.359420290625 0.46636771250000003 0.3072463765625 0.5313901343749999 0.298550725 0.5291479828125001 0.23768115937499998 0.4843049328125 0.20289855 0.479820628125 0.20579710156250003 0.3991031390625 0.23188405781250002 0.36995515625 0.16811594218749998 0.343049328125 0.139130434375 0.3228699546875